[cosmological_parameters]

omega_m = 0.3156
h0 = 0.6727
omega_b = 0.0491685

sigma8_input= 0.82

tau = 0.08
n_s = 0.9645
A_s = 2.1e-09

omega_k = 0.0
w = -1.0
wa =0.0 

[intrinsic_alignment_parameters]
A= 1.0
alpha=0.0

[bias_parameters]
c= 1.07228 ; 0.
b0= 1.064 ;1.05 1.064 1.075
alpha= 6.57326 ; 0.

[des_y1wl]

red_fraction= 0.2

bias_1 =0.
bias_2 =0.
bias_3 =0.

S_z_1 =0.
S_z_2 =0.
S_z_3 =0.

T_z_1 =0.
T_z_2 =0.
T_z_3 =0.


m1 =0. ;-0.2 0. 0.2
m2 =0. ;-0.2 0. 0.2
m3 =0. ;-0.2 0. 0.2

edge_1 = 0.33
edge_2 = 0.55
edge_3 = 0.83
edge_4 = 1.3

lmin_1=0.1
lmin_2=0.1
lmin_3=0.1

lmax_1=2000.0
lmax_2=2000.0
lmax_3=2000.0

[redmagic]

red_fraction=1.

edge_1 = 0.2
edge_2 = 0.56
edge_3 = 0.75
edge_4 = 0.9

bias_1 =0. ;-0.3 0. 0.3
bias_2 =0. ;-0.3 0. 0.3
bias_3 =0. ;-0.3 0. 0.3

S_z_1 =0. ;-0.3 0. 0.3
S_z_2 =0. ;-0.3 0. 0.3
S_z_3 =0. ;-0.3 0. 0.3

T_z_1 =0. ;-0.3 0. 0.3
T_z_2 =0. ;-0.3 0. 0.3
T_z_3 =0. ;-0.3 0. 0.3


m1 =0. ;-0.2 0. 0.2
m2 =0. ;-0.2 0. 0.2
m3 =0. ;-0.2 0. 0.2

lmin_1 = 10.
lmin_2 = 10.
lmin_3 =10.

lmax_1 = 6.972205e+01
lmax_2 = 1.483037e+02
lmax_3 =3.078144e+02

[benchmark]

red_fraction= 0.2

bias_1 =0. ;-0.3 0. 0.3
bias_2 =0. ;-0.3 0. 0.3
bias_3 =0. ;-0.3 0. 0.3

S_z_1 =0. ;-0.3 0. 0.3
S_z_2 =0. ;-0.3 0. 0.3
S_z_3 =0. ;-0.3 0. 0.3

T_z_1 =0. ;-0.3 0. 0.3
T_z_2 =0. ;-0.3 0. 0.3
T_z_3 =0. ;-0.3 0. 0.3


m1 =0. ;-0.2 0. 0.2
m2 =0. ;-0.2 0. 0.2
m3 =0. ;-0.2 0. 0.2

edge_1 = 0.33
edge_2 = 0.55
edge_3 = 0.83
edge_4 = 1.3

lmin_1 = 10.
lmin_2 = 10.
lmin_3 =10.

lmax_1 = 6.972205e+01
lmax_2 = 1.483037e+02
lmax_3 =3.078144e+02
