source_n_gal : [1.496,1.5189,1.5949,0.7949,0.1586,0.2724,0.3866,0.1888]
lens_n_gal : [0.0134,0.0343,0.0505,0.0301,0.0089]
area : 1321.0
sigma_e : [0.266413422554369, 0.303227245621983, 0.275141627209632, 0.284670581807072, 0.213714858705619, 0.259905822995218, 0.263082041974052, 0.284003689183686]


